15 20 1.852000 0.233000
30 20 3.038000 0.177000
45 20 3.761000 0.211000
60 20 5.933000 0.259000
75 20 5.251000 0.227000
90 20 9.854000 0.301000
105 20 10.143000 0.239000
120 20 5.584000 0.212000
135 20 15.038000 0.294000
15 40 2.013000 0.174000
30 40 2.920000 0.184000
45 40 3.418000 0.171000
60 40 5.988000 0.203000
75 40 10.664000 0.272000
90 40 10.981000 0.370000
105 40 10.836000 0.381000
120 40 16.995001 0.443000
15 60 1.881000 6.829000
30 60 2.951000 0.252000
45 60 3.430000 0.198000
60 60 7.411000 0.176000
75 60 11.299000 0.297000
90 60 12.287000 0.435000
105 60 11.148000 0.311000
120 60 16.021999 0.301000
135 60 14.882000 0.364000
15 80 1.830000 0.621000
30 80 3.428000 0.187000
45 80 3.406000 0.207000
60 80 8.000000 0.206000
75 80 10.054000 0.427000
90 80 14.022000 0.743000
105 80 16.684000 1.010000
120 80 34.901001 1.241000
135 80 17.466999 7.047000
15 100 1.832000 1.187000
30 100 4.104000 0.192000
45 100 4.487000 0.270000
60 100 10.416000 0.182000
75 100 12.423000 0.414000
90 100 22.308001 0.630000
105 100 17.174999 2.834000
135 100 14.876000 1.324000
15 120 2.344000 9.796000
30 120 2.972000 1.451000
45 120 3.487000 0.188000
60 120 8.124000 0.216000
75 120 13.028000 0.224000
90 120 24.840000 0.415000
105 120 19.684000 0.800000
135 120 17.344999 3.009000
15 140 2.565000 4.474000
30 140 4.164000 23.277000
45 140 4.618000 14.938000
60 140 10.623000 0.210000
75 140 15.169000 0.206000
90 140 24.618000 0.215000
105 140 20.669001 0.438000
135 140 16.545000 1.302000
15 160 1.912000 3.967000
30 160 3.037000 7.092000
45 160 4.046000 26.183001
60 160 7.894000 4.047000
75 160 13.032000 0.248000
90 160 17.087999 0.220000
105 160 20.594000 0.210000
135 160 15.699000 0.442000
15 180 1.919000 0.759000
30 180 2.971000 2.925000
45 180 3.511000 9.403000
60 180 8.431000 102.303001
75 180 19.256001 3.028000
90 180 21.851000 0.288000
105 180 22.285999 0.276000
135 180 21.056999 0.297000
